1 1356.62
101 30.1029
201 16.5225
301 12.1616
401 7.33548
501 9.46244
601 7.63045
701 6.24901
801 4.30443
901 6.03949
1001 2.43857
1101 6.63671
1201 4.35304
1301 4.89908
1401 4.7446
1501 3.13875
1601 4.50716
1701 2.15611
1801 3.26891
1901 2.22111
2001 2.01976
2101 2.55167
2201 1.46825
2301 2.1906
2401 2.19864
2501 3.59603
2601 5.20587
2701 1.75604
2801 3.17528
2901 1.45292
3001 2.30009
3101 1.62559
3201 1.43934
3301 2.57198
3401 2.98807
3501 1.84704
3601 1.85264
3701 2.34399
3801 1.28965
3901 2.26465
4001 2.0098
4101 1.50356
4201 1.44223
4301 0.889168
4401 1.48803
4501 1.62368
4601 1.37227
4701 1.30582
4801 1.69761
4901 2.07511
5001 1.31442
5101 1.76733
5201 1.24362
5301 1.3019
5401 1.69715
5501 1.31431
5601 1.78552
5701 0.801275
5801 1.38149
5901 0.841835
6001 1.03807
6101 1.25342
6201 1.12051
6301 1.3067
6401 1.35443
6501 1.21079
6601 0.921053
6701 1.26934
6801 0.900659
6901 1.46379
7001 1.35182
7101 1.20732
7201 1.29369
7301 0.746219
7401 1.1855
7501 1.3511
7601 0.689931
7701 0.86828
7801 1.08617
7901 0.958383
8001 1.20337
8101 1.02293
8201 0.950756
8301 1.09925
8401 1.10293
8501 1.1312
8601 0.668434
8701 0.567712
8801 0.964945
8901 0.957165
9001 0.89337
9101 0.882167
9201 0.844139
9301 0.65599
9401 1.4469
9501 0.848332
9601 0.951666
9701 0.660316
9801 0.883923
9901 0.524623
